> Аарон:
А просто больше лога есть

$GNGNS,064259.00,,,,,NN,00,99.99,,,,*5F
$GNGGA,064259.00,,,,,0,00,99.99,,,,,,*74
$GNGSA,A,1,,,,,,,,,,,,,99.99,99.99,99.99*2E
$GNGSA,A,1,,,,,,,,,,,,,99.99,99.99,99.99*2E
$GPGSV,5,1,17,01,16,053,38,02,18,038,37,10,13,334,39,12,06,246,40*78
$GPGSV,5,2,17,13,37,191,39,14,46,076,39,15,41,240,39,17,55,110,32*7B
$GPGSV,5,3,17,19,42,158,39,21,,,40,22,68,080,24,23,12,293,39*46
$GPGSV,5,4,17,24,41,291,23,30,14,122,39,35,,,40,36,26,188,33*49
$GPGSV,5,5,17,63,,,39*70
$GLGSV,3,1,10,65,05,202,,66,39,240,,67,37,314,,68,05,352,*60
$GLGSV,3,2,10,75,37,077,,76,73,309,,77,27,274,,84,23,022,*65
$GLGSV,3,3,10,85,39,082,37,86,14,138,*6C
$GNGLL,,,,,064259.00,V,N*58
$GNGST,064259.00,0.0000,,,,23018,23018,23018*4D
$GNZDA,064259.00,26,02,2025,00,00*77
$GNRMC,064300.00,V,,,,,,,260225,,,N*63
$GNVTG,,,,,,,,,N*2E
$GNGNS,064300.00,,,,,NN,00,99.99,,,,*52
$GNGGA,064300.00,,,,,0,00,99.99,,,,,,*79
$GNGSA,A,1,,,,,,,,,,,,,99.99,99.99,99.99*2E
$GNGSA,A,1,,,,,,,,,,,,,99.99,99.99,99.99*2E
$GPGSV,5,1,17,01,16,053,39,02,18,038,37,10,13,334,39,12,06,246,40*79
$GPGSV,5,2,17,13,37,191,40,14,46,076,39,15,41,240,40,17,55,110,33*7A
$GPGSV,5,3,17,19,42,158,39,21,,,40,22,68,080,22,23,12,293,39*40
$GPGSV,5,4,17,24,42,291,,30,14,122,39,35,,,40,36,26,188,34*4C
$GPGSV,5,5,17,63,,,39*70
$GLGSV,3,1,10,65,05,202,,66,39,240,,67,37,314,,68,05,352,*60
$GLGSV,3,2,10,75,37,077,,76,73,309,33,77,27,274,,84,23,022,*65
$GLGSV,3,3,10,85,39,082,37,86,14,138,*6C
$GNGLL,,,,,064300.00,V,N*55
$GNGST,064300.00,0.0000,,,,23019,23019,23019*41
$GNZDA,064300.00,26,02,2025,00,00*7A
$GNRMC,064301.00,V,,,,,,,260225,,,N*62
$GNVTG,,,,,,,,,N*2E
$GNGNS,064301.00,,,,,NN,00,99.99,,,,*53
$GNGGA,064301.00,,,,,0,00,99.99,,,,,,*78
$GNGSA,A,1,,,,,,,,,,,,,99.99,99.99,99.99*2E
$GNGSA,A,1,,,,,,,,,,,,,99.99,99.99,99.99*2E
$GPGSV,5,1,17,01,16,053,37,02,18,038,37,10,13,334,39,12,06,246,40*77
$GPGSV,5,2,17,13,37,191,39,14,46,076,40,15,41,240,40,17,55,110,32*7B
$GPGSV,5,3,17,19,42,158,39,21,,,40,22,68,080,23,23,12,293,39*41
$GPGSV,5,4,17,24,42,291,37,30,14,122,39,35,,,40,36,26,188,34*48
$GPGSV,5,5,17,63,,,39*70
$GLGSV,3,1,10,65,05,202,,66,39,240,,67,37,314,,68,05,352,*60
$GLGSV,3,2,10,75,37,077,,76,73,309,37,77,27,274,,84,23,022,*61
$GLGSV,3,3,10,85,39,082,37,86,14,138,*6C
$GNGLL,,,,,064301.00,V,N*54
$GNGST,064301.00,0.0000,,,,23020,23020,23020*4A
$GNZDA,064301.00,26,02,2025,00,00*7B
$GNRMC,064302.00,V,,,,,,,260225,,,N*61
$GNVTG,,,,,,,,,N*2E
$GNGNS,064302.00,,,,,NN,00,99.99,,,,*50
$GNGGA,064302.00,,,,,0,00,99.99,,,,,,*7B
$GNGSA,A,1,,,,,,,,,,,,,99.99,99.99,99.99*2E
$GNGSA,A,1,,,,,,,,,,,,,99.99,99.99,99.99*2E
$GPGSV,5,1,17,01,16,053,37,02,18,038,37,10,13,334,39,12,06,246,40*77
$GPGSV,5,2,17,13,37,191,39,14,46,076,38,15,41,240,38,17,55,110,32*7B
$GPGSV,5,3,17,19,42,158,39,21,,,38,22,68,080,21,23,12,293,39*4C
$GPGSV,5,4,17,24,42,291,31,30,14,122,38,35,,,40,36,26,188,34*4F
$GPGSV,5,5,17,63,,,38*71
$GLGSV,3,1,10,65,05,202,,66,39,240,,67,37,314,,68,05,352,*60
$GLGSV,3,2,10,75,37,077,,76,73,309,35,77,27,274,,84,23,022,*63
$GLGSV,3,3,10,85,39,082,37,86,14,138,*6C
$GNGLL,,,,,064302.00,V,N*57
$GNGST,064302.00,0.0000,,,,23021,23021,23021*48
$GNZDA,064302.00,26,02,2025,00,00*78
$GNRMC,064303.00,V,,,,,,,260225,,,N*60
$GNVTG,,,,,,,,,N*2E
$GNGNS,064303.00,,,,,NN,00,99.99,,,,*51
$GNGGA,064303.00,,,,,0,00,99.99,,,,,,*7A
$GNGSA,A,1,,,,,,,,,,,,,99.99,99.99,99.99*2E
$GNGSA,A,1,,,,,,,,,,,,,99.99,99.99,99.99*2E
$GPGSV,5,1,17,01,16,053,39,02,18,038,37,10,13,334,39,12,06,246,40*79
$GPGSV,5,2,17,13,37,191,39,14,46,076,38,15,41,240,38,17,55,110,31*78
$GPGSV,5,3,17,19,42,158,39,21,,,40,22,68,080,20,23,12,293,39*42
$GPGSV,5,4,17,24,42,291,32,30,14,122,38,35,,,39,36,26,188,34*42
$GPGSV,5,5,17,63,,,37*7E
$GLGSV,3,1,10,65,05,202,,66,39,240,,67,37,314,,68,05,352,*60
$GLGSV,3,2,10,75,37,077,,76,73,309,33,77,27,274,,84,23,022,*65
$GLGSV,3,3,10,85,39,082,36,86,14,138,*6D
$GNGLL,,,,,064303.00,V,N*56
$GNGST,064303.00,0.0000,,,,23021,23021,23021*49
$GNZDA,064303.00,26,02,2025,00,00*79
$GNRMC,064304.00,V,,,,,,,260225,,,N*67
$GNVTG,,,,,,,,,N*2E
$GNGNS,064304.00,,,,,NN,00,99.99,,,,*56
$GNGGA,064304.00,,,,,0,00,99.99,,,,,,*7D

> Аарон:

$GNGSA,A,1,,,,,,,,,,,,,99.99,99.99,99.99*2E
$GNGSA,A,1,,,,,,,,,,,,,99.99,99.99,99.99*2E
$GPGSV,5,1,17,01,16,053,37,02,18,038,37,10,13,334,39,12,06,246,40*77
$GPGSV,5,2,17,13,37,191,39,14,46,076,38,15,41,240,39,17,55,110,31*79
$GPGSV,5,3,17,19,42,158,39,21,,,38,22,68,080,,23,12,293,38*4E
$GPGSV,5,4,17,24,42,291,32,30,14,122,38,35,,,40,36,26,188,34*4C
$GPGSV,5,5,17,63,,,39*70
$GLGSV,3,1,10,65,05,202,,66,39,240,,67,37,314,,68,05,352,*60
$GLGSV,3,2,10,75,37,077,30,76,73,309,33,77,27,274,,84,23,022,*66
$GLGSV,3,3,10,85,39,082,37,86,14,138,*6C
$GNGLL,,,,,064304.00,V,N*51
$GNGST,064304.00,0.0000,,,,23022,23022,23022*4D
$GNZDA,064304.00,26,02,2025,00,00*7E
$GNRMC,064305.00,V,,,,,,,260225,,,N*66
$GNVTG,,,,,,,,,N*2E
$GNGNS,064305.00,,,,,NN,00,99.99,,,,*57
$GNGGA,064305.00,,,,,0,00,99.99,,,,,,*7C
$GNGSA,A,1,,,,,,,,,,,,,99.99,99.99,99.99*2E
$GNGSA,A,1,,,,,,,,,,,,,99.99,99.99,99.99*2E
$GPGSV,5,1,17,01,16,053,39,02,18,038,23,10,13,334,40,12,06,246,41*73
$GPGSV,5,2,17,13,37,191,39,14,46,076,41,15,41,240,40,17,55,110,30*78
$GPGSV,5,3,17,19,42,158,39,21,,,41,22,68,080,28,23,12,293,40*45
$GPGSV,5,4,17,24,42,291,36,30,14,122,38,35,,,40,36,26,188,34*48
$GPGSV,5,5,17,63,,,38*71
$GLGSV,3,1,10,65,05,202,,66,39,240,,67,37,314,,68,05,352,*60
$GLGSV,3,2,10,75,37,077,,76,73,309,,77,27,274,,84,23,022,*65
$GLGSV,3,3,10,85,39,082,36,86,14,138,*6D
$GNGLL,,,,,064305.00,V,N*50
$GNGST,064305.00,0.0000,,,,23023,23023,23023*4D
$GNZDA,064305.00,26,02,2025,00,00*7F
$GNRMC,064306.00,V,,,,,,,260225,,,N*65
$GNVTG,,,,,,,,,N*2E
$GNGNS,064306.00,,,,,NN,00,99.99,,,,*54
$GNGGA,064306.00,,,,,0,00,99.99,,,,,,*7F
$GNGSA,A,1,,,,,,,,,,,,,99.99,99.99,99.99*2E
$GNGSA,A,1,,,,,,,,,,,,,99.99,99.99,99.99*2E
$GPGSV,5,1,17,01,16,053,41,02,18,038,21,10,13,334,40,12,06,246,41*7E
$GPGSV,5,2,17,13,37,191,41,14,46,076,42,15,41,240,40,17,55,110,30*74
$GPGSV,5,3,17,19,42,158,41,21,,,41,22,68,080,32,23,12,293,39*4F
$GPGSV,5,4,17,24,42,291,36,30,14,122,38,35,,,40,36,26,188,34*48
$GPGSV,5,5,17,63,,,40*7E
$GLGSV,3,1,10,65,05,202,,66,39,240,,67,37,314,,68,05,352,*60
$GLGSV,3,2,10,75,37,077,,76,73,309,,77,27,274,,84,23,022,*65
$GLGSV,3,3,10,85,39,082,36,86,14,138,*6D
$GNGLL,,,,,064306.00,V,N*53
$GNGST,064306.00,0.0000,,,,23024,23024,23024*49
$GNZDA,064306.00,26,02,2025,00,00*7C
$GNRMC,064307.00,V,,,,,,,260225,,,N*64
$GNVTG,,,,,,,,,N*2E
$GNGNS,064307.00,,,,,NN,00,99.99,,,,*55
$GNGGA,064307.00,,,,,0,00,99.99,,,,,,*7E
$GNGSA,A,1,,,,,,,,,,,,,99.99,99.99,99.99*2E
$GNGSA,A,1,,,,,,,,,,,,,99.99,99.99,99.99*2E
$GPGSV,5,1,17,01,16,053,39,02,18,038,,10,13,334,40,12,06,246,41*72
$GPGSV,5,2,17,13,37,191,39,14,46,076,41,15,41,240,40,17,55,110,29*70
$GPGSV,5,3,17,19,42,158,41,21,,,41,22,68,080,27,23,12,293,39*4B
$GPGSV,5,4,17,24,42,291,36,30,14,122,38,35,,,40,36,26,188,34*48
$GPGSV,5,5,17,63,,,40*7E
$GLGSV,3,1,10,65,05,202,,66,39,240,,67,37,314,,68,05,352,*60
$GLGSV,3,2,10,75,37,077,,76,73,309,,77,27,274,,84,23,022,*65
$GLGSV,3,3,10,85,39,082,36,86,14,138,*6D
$GNGLL,,,,,064307.00,V,N*52
$GNGST,064307.00,0.0000,,,,23024,23024,23024*48
$GNZDA,064307.00,26,02,2025,00,00*7D
$GNRMC,064308.00,V,,,,,,,260225,,,N*6B
$GNVTG,,,,,,,,,N*2E
$GNGNS,064308.00,,,,,NN,00,99.99,,,,*5A
$GNGGA,064308.00,,,,,0,00,99.99,,,,,,*71
$GNGSA,A,1,,,,,,,,,,,,,99.99,99.99,99.99*2E
$GNGSA,A,1,,,,,,,,,,,,,99.99,99.99,99.99*2E
$GPGSV,5,1,17,01,16,053,39,02,18,038,,10,13,334,40,12,06,246,41*72
$GPGSV,5,2,17,13,37,191,41,14,46,076,41,15,41,240,40,17,55,110,21*77
$GPGSV,5,3,17,19,42,158,41,21,,,41,22,68,080,24,23,12,293,39*48
$GPGSV,5,4,17,24,42,291,37,30,14,122,38,35,,,41,36,26,188,34*48
$GPGSV,5,5,17,63,,,40*7E
$GLGSV,3,1,10,65,05,202,,66,39,240,,67,37,314,,68,05,352,*60
$GLGSV,3,2,10,75,37,077,,76,73,309,,77,27,274,,84,23,022,*65
$GLGSV,3,3,10,85,39,082,36,86,14,138,*6D
$GNGLL,,,,,064308.00,V,N*5D
$GNGST,064308.00,0.0000,,,,23025,23025,23025*46
$GNZDA,064308.00,26,02,2025,00,00*72
$GNRMC,064309.00,V,,,,,,,260225,,,N*6A
$GNVTG,,,,,,,,,N*2E
$GNGNS,064309.00,,,,,NN,00,99.99,,,,*5B
$GNGGA,064309.00,,,,,0,00,99.99,,,,,,*70
$GNGSA,A,1,,,,,,,,,,,,,99.99,99.99,99.99*2E
$GNGSA,A,1,,,,,,,,,,,,,99.99,99.99,99.99*2E

> Аарон:

$GPGSV,5,1,17,01,16,053,39,02,18,038,,10,13,334,39,12,06,246,40*7D
$GPGSV,5,2,17,13,37,191,40,14,46,076,40,15,41,240,39,17,55,110,29*71
$GPGSV,5,3,17,19,42,158,40,21,,,40,22,68,080,29,23,12,293,38*44
$GPGSV,5,4,17,24,42,291,36,30,14,122,38,35,,,40,36,26,188,33*4F
$GPGSV,5,5,17,63,,,40*7E
$GLGSV,3,1,10,65,05,202,,66,39,240,,67,37,314,,68,05,352,*60
$GLGSV,3,2,10,75,37,077,,76,73,309,,77,27,274,,84,23,022,*65
$GLGSV,3,3,10,85,39,082,36,86,14,138,*6D
$GNGLL,,,,,064309.00,V,N*5C
$GNGST,064309.00,0.0000,,,,23026,23026,23026*44
$GNZDA,064309.00,26,02,2025,00,00*73
$GNRMC,064310.00,V,,,,,,,260225,,,N*62
$GNVTG,,,,,,,,,N*2E
$GNGNS,064310.00,,,,,NN,00,99.99,,,,*53
$GNGGA,064310.00,,,,,0,00,99.99,,,,,,*78
$GNGSA,A,1,,,,,,,,,,,,,99.99,99.99,99.99*2E
$GNGSA,A,1,,,,,,,,,,,,,99.99,99.99,99.99*2E
$GPGSV,5,1,17,01,16,053,41,02,18,038,,10,13,334,41,12,06,246,40*7D
$GPGSV,5,2,17,13,37,191,41,14,46,076,42,15,41,240,41,17,55,110,28*7C
$GPGSV,5,3,17,19,42,158,40,21,,,42,22,68,080,33,23,12,293,39*4C
$GPGSV,5,4,17,24,42,291,38,30,14,122,40,35,,,41,36,26,188,33*4F
$GPGSV,5,5,17,63,,,41*7F
$GLGSV,3,1,10,65,05,202,,66,39,240,32,67,37,314,,68,05,352,*61
$GLGSV,3,2,10,75,37,077,29,76,73,309,,77,27,274,,84,23,022,*6E
$GLGSV,3,3,10,85,39,082,36,86,14,138,27*68
$GNGLL,,,,,064310.00,V,N*54
$GNGST,064310.00,0.0000,,,,23027,23027,23027*4D
$GNZDA,064310.00,26,02,2025,00,00*7B
$GNRMC,064311.00,V,,,,,,,260225,,,N*63
$GNVTG,,,,,,,,,N*2E
$GNGNS,064311.00,,,,,NN,00,99.99,,,,*52
$GNGGA,064311.00,,,,,0,00,99.99,,,,,,*79
$GNGSA,A,1,,,,,,,,,,,,,99.99,99.99,99.99*2E
$GNGSA,A,1,,,,,,,,,,,,,99.99,99.99,99.99*2E
$GPGSV,5,1,17,01,16,053,41,02,18,038,,10,13,334,39,12,06,246,41*73
$GPGSV,5,2,17,13,37,191,40,14,46,076,42,15,41,240,41,17,55,110,35*71
$GPGSV,5,3,17,19,42,158,42,21,,,42,22,68,080,32,23,12,293,40*41
$GPGSV,5,4,17,24,42,291,39,30,14,122,40,35,,,40,36,26,188,34*48
$GPGSV,5,5,17,63,,,41*7F
$GLGSV,3,1,10,65,05,202,,66,39,240,,67,37,314,,68,05,352,*60
$GLGSV,3,2,10,75,37,077,33,76,73,309,,77,27,274,23,84,23,022,*64
$GLGSV,3,3,10,85,39,082,36,86,14,138,28*67
$GNGLL,,,,,064311.00,V,N*55
$GNGST,064311.00,0.0000,,,,23028,23028,23028*43
$GNZDA,064311.00,26,02,2025,00,00*7A
$GNRMC,064312.00,V,,,,,,,260225,,,N*60
$GNVTG,,,,,,,,,N*2E
$GNGNS,064312.00,,,,,NN,00,99.99,,,,*51
$GNGGA,064312.00,,,,,0,00,99.99,,,,,,*7A
$GNGSA,A,1,,,,,,,,,,,,,99.99,99.99,99.99*2E
$GNGSA,A,1,,,,,,,,,,,,,99.99,99.99,99.99*2E
$GPGSV,5,1,17,01,16,053,39,02,18,038,,10,13,334,39,12,06,246,40*7D
$GPGSV,5,2,17,13,37,191,40,14,46,076,40,15,41,240,39,17,55,110,23*7B
$GPGSV,5,3,17,19,42,158,40,21,,,41,22,68,080,28,23,12,293,39*45
$GPGSV,5,4,17,24,42,291,36,30,14,122,38,35,,,40,36,26,188,33*4F
$GPGSV,5,5,17,63,,,40*7E
$GLGSV,3,1,10,65,05,202,,66,39,240,33,67,37,314,,68,05,352,*60
$GLGSV,3,2,10,75,37,077,31,76,73,309,33,77,27,274,20,84,23,022,*65
$GLGSV,3,3,10,85,39,082,35,86,14,138,08*66
$GNGLL,,,,,064312.00,V,N*56
$GNGST,064312.00,0.0000,,,,23028,23028,23028*40
$GNZDA,064312.00,26,02,2025,00,00*79
$GNRMC,064313.00,V,,,,,,,260225,,,N*61
$GNVTG,,,,,,,,,N*2E
$GNGNS,064313.00,,,,,NN,00,99.99,,,,*50
$GNGGA,064313.00,,,,,0,00,99.99,,,,,,*7B
$GNGSA,A,1,,,,,,,,,,,,,99.99,99.99,99.99*2E
$GNGSA,A,1,,,,,,,,,,,,,99.99,99.99,99.99*2E
$GPGSV,5,1,17,01,16,053,39,02,18,038,,10,13,334,39,12,06,246,40*7D
$GPGSV,5,2,17,13,37,191,40,14,46,076,40,15,41,240,39,17,55,110,34*7D
$GPGSV,5,3,17,19,42,158,40,21,,,40,22,68,080,32,23,12,293,37*41
$GPGSV,5,4,17,24,42,291,36,30,14,122,38,35,,,40,36,26,188,34*48
$GPGSV,5,5,17,63,,,40*7E
$GLGSV,3,1,10,65,05,202,,66,39,240,20,67,37,314,,68,05,352,*62
$GLGSV,3,2,10,75,37,077,,76,73,309,,77,27,274,21,84,23,022,*66
$GLGSV,3,3,10,85,39,082,36,86,14,138,06*6B
$GNGLL,,,,,064313.00,V,N*57
$GNGST,064313.00,0.0000,,,,23029,23029,23029*40
$GNZDA,064313.00,26,02,2025,00,00*78
$GNRMC,064314.00,V,,,,,,,260225,,,N*66
$GNVTG,,,,,,,,,N*2E
$GNGNS,064314.00,,,,,NN,00,99.99,,,,*57
$GNGGA,064314.00,,,,,0,00,99.99,,,,,,*7C
$GNGSA,A,1,,,,,,,,,,,,,99.99,99.99,99.99*2E
$GNGSA,A,1,,,,,,,,,,,,,99.99,99.99,99.99*2E
$GPGSV,5,1,17,01,16,053,39,02,18,038,,10,13,334,39,12,06,246,40*7D

> Аарон:

$GPGSV,5,2,17,13,37,191,39,14,46,076,40,15,41,240,39,17,55,110,22*74
$GPGSV,5,3,17,19,42,158,40,21,,,40,22,68,080,28,23,12,293,38*45
$GPGSV,5,4,17,24,42,291,36,30,14,122,38,35,,,39,36,26,188,33*41
$GPGSV,5,5,17,63,,,40*7E
$GLGSV,3,1,10,65,05,202,,66,39,240,,67,37,314,,68,05,352,*60
$GLGSV,3,2,10,75,37,077,,76,73,309,32,77,27,274,22,84,23,022,*64
$GLGSV,3,3,10,85,39,082,35,86,14,138,30*6D
$GNGLL,,,,,064314.00,V,N*50
$GNGST,064314.00,0.0000,,,,23030,23030,23030*4F
$GNZDA,064314.00,26,02,2025,00,00*7F
$GNRMC,064315.00,V,,,,,,,260225,,,N*67
$GNVTG,,,,,,,,,N*2E
$GNGNS,064315.00,,,,,NN,00,99.99,,,,*56
$GNGGA,064315.00,,,,,0,00,99.99,,,,,,*7D
$GNGSA,A,1,,,,,,,,,,,,,99.99,99.99,99.99*2E
$GNGSA,A,1,,,,,,,,,,,,,99.99,99.99,99.99*2E
$GPGSV,5,1,17,01,16,053,39,02,18,038,,10,13,334,39,12,06,246,40*7D
$GPGSV,5,2,17,13,37,191,40,14,46,076,41,15,41,240,40,17,55,110,24*73
$GPGSV,5,3,17,19,42,158,41,21,,,41,22,68,080,35,23,12,293,40*46
$GPGSV,5,4,17,24,42,291,36,30,14,122,38,35,,,39,36,26,188,33*41
$GPGSV,5,5,17,63,,,40*7E
$GLGSV,3,1,10,65,05,202,,66,39,240,,67,37,314,,68,05,352,*60
$GLGSV,3,2,10,75,37,077,,76,73,309,32,77,27,274,21,84,23,022,*67
$GLGSV,3,3,10,85,39,082,35,86,14,138,31*6C
$GNGLL,,,,,064315.00,V,N*51
$GNGST,064315.00,0.0000,,,,23031,23031,23031*4F
$GNZDA,064315.00,26,02,2025,00,00*7E
$GNRMC,064316.00,V,,,,,,,260225,,,N*64
$GNVTG,,,,,,,,,N*2E
$GNGNS,064316.00,,,,,NN,00,99.99,,,,*55
$GNGGA,064316.00,,,,,0,00,99.99,,,,,,*7E
$GNGSA,A,1,,,,,,,,,,,,,99.99,99.99,99.99*2E
$GNGSA,A,1,,,,,,,,,,,,,99.99,99.99,99.99*2E
$GPGSV,5,1,17,01,16,053,39,02,18,038,,10,13,334,39,12,06,246,40*7D
$GPGSV,5,2,17,13,37,191,40,14,46,076,41,15,41,240,40,17,55,110,27*70
$GPGSV,5,3,17,19,42,158,40,21,,,41,22,68,080,33,23,12,293,39*4F
$GPGSV,5,4,17,24,42,291,36,30,14,122,38,35,,,39,36,26,188,32*40
$GPGSV,5,5,17,63,,,39*70
$GLGSV,3,1,10,65,05,202,,66,39,240,,67,37,314,,68,05,352,*60
$GLGSV,3,2,10,75,37,077,,76,73,309,32,77,27,274,30,84,23,022,24*61
$GLGSV,3,3,10,85,39,082,35,86,14,138,23*6F
$GNGLL,,,,,064316.00,V,N*52
$GNGST,064316.00,0.0000,,,,23031,23031,23031*4C
$GNZDA,064316.00,26,02,2025,00,00*7D
$GNRMC,064317.00,V,,,,,,,260225,,,N*65
$GNVTG,,,,,,,,,N*2E
$GNGNS,064317.00,,,,,NN,00,99.99,,,,*54
$GNGGA,064317.00,,,,,0,00,99.99,,,,,,*7F
$GNGSA,A,1,,,,,,,,,,,,,99.99,99.99,99.99*2E
$GNGSA,A,1,,,,,,,,,,,,,99.99,99.99,99.99*2E
$GPGSV,5,1,17,01,16,053,41,02,18,038,,10,13,334,40,12,06,246,40*7C
$GPGSV,5,2,17,13,37,191,41,14,46,076,42,15,41,240,41,17,55,110,24*70
$GPGSV,5,3,17,19,42,158,42,21,,,41,22,68,080,32,23,12,293,41*43
$GPGSV,5,4,17,24,42,291,38,30,14,122,40,35,,,40,36,26,188,32*4F
$GPGSV,5,5,17,63,,,41*7F
$GLGSV,3,1,10,65,05,202,,66,39,240,,67,37,314,,68,05,352,*60
$GLGSV,3,2,10,75,37,077,,76,73,309,31,77,27,274,31,84,23,022,22*65
$GLGSV,3,3,10,85,39,082,35,86,14,138,13*6C
$GNGLL,,,,,064317.00,V,N*53
$GNGST,064317.00,0.0000,,,,23032,23032,23032*4E
$GNZDA,064317.00,26,02,2025,00,00*7C
$GNRMC,064318.00,V,,,,,,,260225,,,N*6A
$GNVTG,,,,,,,,,N*2E
$GNGNS,064318.00,,,,,NN,00,99.99,,,,*5B
$GNGGA,064318.00,,,,,0,00,99.99,,,,,,*70
$GNGSA,A,1,,,,,,,,,,,,,99.99,99.99,99.99*2E
$GNGSA,A,1,,,,,,,,,,,,,99.99,99.99,99.99*2E
$GPGSV,5,1,17,01,16,053,41,02,18,038,,10,13,334,40,12,06,246,40*7C
$GPGSV,5,2,17,13,37,191,41,14,46,076,42,15,41,240,41,17,55,110,22*76
$GPGSV,5,3,17,19,42,158,41,21,,,41,22,68,080,26,23,12,293,41*45
$GPGSV,5,4,17,24,42,291,38,30,14,122,40,35,,,40,36,26,188,32*4F
$GPGSV,5,5,17,63,,,40*7E
$GLGSV,3,1,10,65,05,202,,66,39,240,,67,37,314,,68,05,352,*60
$GLGSV,3,2,10,75,37,077,,76,73,309,34,77,27,274,,84,23,022,31*60
$GLGSV,3,3,10,85,39,082,35,86,14,138,08*66
$GNGLL,,,,,064318.00,V,N*5C
$GNGST,064318.00,0.0000,,,,23033,23033,23033*40
$GNZDA,064318.00,26,02,2025,00,00*73
$GNRMC,064319.00,V,,,,,,,260225,,,N*6B
$GNVTG,,,,,,,,,N*2E
$GNGNS,064319.00,,,,,NN,00,99.99,,,,*5A
$GNGGA,064319.00,,,,,0,00,99.99,,,,,,*71
$GNGSA,A,1,,,,,,,,,,,,,99.99,99.99,99.99*2E
$GNGSA,A,1,,,,,,,,,,,,,99.99,99.99,99.99*2E
$GPGSV,5,1,17,01,16,053,40,02,18,038,,10,13,334,39,12,06,246,40*73
$GPGSV,5,2,17,13,37,191,40,14,46,076,41,15,41,240,40,17,55,110,20*77

$GPGSV,5,2,19,07,,,36,11,,,36,12,,,35,13,,,36*73
$GPGSV,5,3,19,14,,,36,15,,,36,16,,,34,19,,,36*7B
$GPGSV,5,4,19,25,,,36,27,,,36,29,,,35,31,,,34*7A
$GPGSV,5,5,19,36,26,187,34,40,25,159,35,47,,,36*77
$GLGSV,3,1,11,66,18,201,,67,49,258,,68,32,325,29,75,00,078,*63
$GLGSV,3,2,11,76,56,063,32,77,67,289,,78,10,264,,84,02,352,*64
$GLGSV,3,3,11,85,29,035,39,86,28,100,22,87,04,139,*5A
$GNGLL,5544.82466,N,03739.73264,E,061057.00,A,A*76
$GNRMC,061058.00,A,5544.82465,N,03739.73260,E,0.024,,270225,,,A*61
$GNVTG,,T,,M,0.024,N,0.044,K,A*3B
$GNGGA,061058.00,5544.82465,N,03739.73260,E,1,03,3.42,192.3,M,13.3,M,,*45
$GNGSA,A,2,,,,,,,,,,,,,3.57,3.42,1.00*18
$GNGSA,A,2,76,68,85,,,,,,,,,,3.57,3.42,1.00*1A
$GPGSV,5,1,19,02,,,35,04,,,36,05,,,35,06,,,36*70
$GPGSV,5,2,19,07,,,36,11,,,36,12,,,36,13,,,36*70
$GPGSV,5,3,19,14,,,36,15,,,36,16,,,34,19,,,37*7A
$GPGSV,5,4,19,25,,,36,27,,,36,29,,,35,31,,,34*7A
$GPGSV,5,5,19,36,26,187,33,40,25,159,35,47,,,36*70
$GLGSV,3,1,11,66,18,201,,67,49,258,,68,32,325,29,75,00,078,*63
$GLGSV,3,2,11,76,56,063,31,77,67,289,,78,10,264,,84,02,352,*67
$GLGSV,3,3,11,85,29,035,39,86,28,100,22,87,04,139,*5A
$GNGLL,5544.82465,N,03739.73260,E,061058.00,A,A*7E
$GNRMC,061059.00,A,5544.82467,N,03739.73251,E,0.024,,270225,,,A*60
$GNVTG,,T,,M,0.024,N,0.045,K,A*3A
$GNGGA,061059.00,5544.82467,N,03739.73251,E,1,03,3.42,192.9,M,13.3,M,,*4E
$GNGSA,A,2,,,,,,,,,,,,,3.57,3.42,1.00*18
$GNGSA,A,2,76,68,85,,,,,,,,,,3.57,3.42,1.00*1A
$GPGSV,5,1,19,02,,,35,04,,,36,05,,,35,06,,,36*70
$GPGSV,5,2,19,07,,,36,11,,,36,12,,,36,13,,,36*70
$GPGSV,5,3,19,14,,,36,15,,,36,16,,,34,19,,,37*7A
$GPGSV,5,4,19,25,,,36,27,,,36,29,,,35,31,,,34*7A
$GPGSV,5,5,19,36,26,187,34,40,25,159,36,47,,,36*74
$GLGSV,3,1,11,66,18,201,,67,49,258,,68,32,325,29,75,00,078,*63
$GLGSV,3,2,11,76,56,063,31,77,67,289,,78,10,264,,84,02,352,*67
$GLGSV,3,3,11,85,29,035,39,86,28,100,22,87,04,139,*5A
$GNGLL,5544.82467,N,03739.73251,E,061059.00,A,A*7F
$GNRMC,061100.00,A,5544.82468,N,03739.73245,E,0.013,,270225,,,A*63
$GNVTG,,T,,M,0.013,N,0.024,K,A*39


$GNGGA,061100.00,5544.82468,N,03739.73245,E,1,03,3.42,192.8,M,13.3,M,,*48
$GNGSA,A,2,,,,,,,,,,,,,3.57,3.42,1.00*18
$GNGSA,A,2,76,68,85,,,,,,,,,,3.57,3.42,1.00*1A
$GPGSV,5,1,19,02,,,35,04,,,36,05,,,35,06,,,36*70
$GPGSV,5,2,19,07,,,37,11,,,36,12,,,36,13,,,36*71
$GPGSV,5,3,19,14,,,36,15,,,36,16,,,35,19,,,37*7B
$GPGSV,5,4,19,25,,,36,27,,,36,29,,,35,31,,,34*7A
$GPGSV,5,5,19,36,26,187,34,40,25,159,36,47,,,36*74
$GLGSV,3,1,11,66,18,201,,67,49,258,,68,32,325,29,75,00,078,*63
$GLGSV,3,2,11,76,56,063,31,77,67,289,,78,10,264,,84,02,352,*67
$GLGSV,3,3,11,85,29,035,39,86,28,100,21,87,04,139,*59
$GNGLL,5544.82468,N,03739.73245,E,061100.00,A,A*78
$GNRMC,061101.00,A,5544.82468,N,03739.73239,E,0.022,,270225,,,A*6B
$GNVTG,,T,,M,0.022,N,0.041,K,A*38


$GNGGA,061101.00,5544.82468,N,03739.73239,E,1,03,3.42,192.4,M,13.3,M,,*4E
$GNGSA,A,2,,,,,,,,,,,,,3.57,3.42,1.00*18
$GNGSA,A,2,76,68,85,,,,,,,,,,3.57,3.42,1.00*1A
$GPGSV,5,1,19,02,,,35,04,,,36,05,,,35,06,,,36*70
$GPGSV,5,2,19,07,,,37,11,,,36,12,,,36,13,,,36*71
$GPGSV,5,3,19,14,,,36,15,,,36,16,,,34,19,,,37*7A
$GPGSV,5,4,19,25,,,36,27,,,36,29,,,35,31,,,34*7A
$GPGSV,5,5,19,36,26,187,34,40,25,159,36,47,,,36*74
$GLGSV,3,1,11,66,18,201,,67,49,258,,68,32,325,29,75,00,078,*63
$GLGSV,3,2,11,76,56,063,31,77,67,289,,78,10,264,,84,02,352,*67
$GLGSV,3,3,11,85,29,035,39,86,28,100,21,87,04,139,*59
$GNGLL,5544.82468,N,03739.73239,E,061101.00,A,A*72
$GNRMC,061102.00,A,5544.82470,N,03739.73237,E,0.017,,270225,,,A*69
$GNVTG,,T,,M,0.017,N,0.032,K,A*3A
$GNGGA,061102.00,5544.82470,N,03739.73237,E,1,03,3.42,192.2,M,13.3,M,,*4C
$GNGSA,A,2,,,,,,,,,,,,,3.57,3.42,1.00*18
$GNGSA,A,2,76,68,85,,,,,,,,,,3.57,3.42,1.00*1A
$GPGSV,5,1,19,02,,,35,04,,,36,05,,,36,06,,,36*73
$GPGSV,5,2,19,07,,,37,11,,,37,12,,,36,13,,,37*71
$GPGSV,5,3,19,14,,,36,15,,,36,16,,,35,19,,,37*7B
$GPGSV,5,4,19,25,,,36,27,,,36,29,,,35,31,,,34*7A
$GPGSV,5,5,19,36,26,187,34,40,25,159,36,47,,,36*74
$GLGSV,3,1,11,66,18,201,,67,49,258,,68,32,325,29,75,00,078,*63
$GLGSV,3,2,11,76,56,063,31,77,67,289,,78,10,264,,84,02,352,*67
$GLGSV,3,3,11,85,29,035,39,86,28,100,20,87,04,139,*58
$GNGLL,5544.82470,N,03739.73237,E,061102.00,A,A*76
$GNRMC,061103.00,A,5544.82470,N,03739.73232,E,0.036,,270225,,,A*6E
$GNVTG,,T,,M,0.036,N,0.066,K,A*38
$GNGGA,061103.00,5544.82470,N,03739.73232,E,1,03,3.42,192.7,M,13.3,M,,*4D
$GNGSA,A,2,,,,,,,,,,,,,3.57,3.42,1.00*18
$GNGSA,A,2,76,68,85,,,,,,,,,,3.57,3.42,1.00*1A
$GPGSV,5,1,19,02,,,35,04,,,36,05,,,36,06,,,36*73
$GPGSV,5,2,19,07,,,37,11,,,37,12,,,36,13,,,37*71
$GPGSV,5,3,19,14,,,37,15,,,36,16,,,35,19,,,37*7A
$GPGSV,5,4,19,25,,,37,27,,,37,29,,,36,31,,,34*79
$GPGSV,5,5,19,36,26,187,34,40,25,159,36,47,,,36*74
$GLGSV,3,1,11,66,18,201,,67,49,258,,68,32,325,29,75,00,078,*63
$GLGSV,3,2,11,76,56,063,31,77,67,289,,78,10,264,,84,02,352,*67
$GLGSV,3,3,11,85,29,035,39,86,28,100,20,87,04,139,*58
$GNGLL,5544.82470,N,03739.73232,E,061103.00,A,A*72
$GNRMC,061104.00,A,5544.82471,N,03739.73222,E,0.042,,270225,,,A*6A
$GNVTG,,T,,M,0.042,N,0.077,K,A*3B
$GNGGA,061104.00,5544.82471,N,03739.73222,E,1,03,3.42,193.0,M,13.3,M,,*4C
$GNGSA,A,2,,,,,,,,,,,,,3.56,3.42,1.00*19
$GNGSA,A,2,76,68,85,,,,,,,,,,3.56,3.42,1.00*1B
$GPGSV,5,1,19,02,,,35,04,,,36,05,,,36,06,,,37*72
$GPGSV,5,2,19,07,,,37,11,,,37,12,,,36,13,,,37*71
$GPGSV,5,3,19,14,,,37,15,,,37,16,,,34,19,,,37*7A
$GPGSV,5,4,19,25,,,37,27,,,37,29,,,36,31,,,34*79
$GPGSV,5,5,19,36,26,187,34,40,25,159,36,47,,,36*74
$GLGSV,3,1,11,66,18,201,,67,49,258,,68,32,325,29,75,00,078,*63
$GLGSV,3,2,11,76,56,063,31,77,67,289,,78,10,264,,84,02,352,25*60
$GLGSV,3,3,11,85,29,035,39,86,28,100,20,87,04,139,*58
$GNGLL,5544.82471,N,03739.73222,E,061104.00,A,A*75
$GNRMC,061105.00,A,5544.82472,N,03739.73211,E,0.028,,270225,,,A*64
$GNVTG,,T,,M,0.028,N,0.052,K,A*30
$GNGGA,061105.00,5544.82472,N,03739.73211,E,1,03,3.42,193.1,M,13.3,M,,*4F
$GNGSA,A,2,,,,,,,,,,,,,3.56,3.42,1.00*19
$GNGSA,A,2,76,68,85,,,,,,,,,,3.56,3.42,1.00*1B
$GPGSV,5,1,19,02,,,35,04,,,36,05,,,36,06,,,36*73
$GPGSV,5,2,19,07,,,37,11,,,36,12,,,36,13,,,36*71
$GPGSV,5,3,19,14,,,37,15,,,36,16,,,34,19,,,37*7B
$GPGSV,5,4,19,25,,,36,27,,,36,29,,,35,31,,,34*7A
$GPGSV,5,5,19,36,26,187,34,40,25,159,36,47,,,36*74
$GLGSV,3,1,11,66,18,201,,67,49,258,,68,32,325,29,75,00,078,*63
$GLGSV,3,2,11,76,56,063,31,77,67,289,,78,10,264,,84,02,352,20*65
$GLGSV,3,3,11,85,29,035,39,86,28,099,20,87,04,139,*59
$GNGLL,5544.82472,N,03739.73211,E,061105.00,A,A*77
$GNRMC,061106.00,A,5544.82475,N,03739.73203,E,0.025,,270225,,,A*6E
$GNVTG,,T,,M,0.025,N,0.046,K,A*38
$GNGGA,061106.00,5544.82475,N,03739.73203,E,1,03,3.42,193.0,M,13.3,M,,*49
$GNGSA,A,2,,,,,,,,,,,,,3.56,3.42,1.00*19
$GNGSA,A,2,76,68,85,,,,,,,,,,3.56,3.42,1.00*1B
$GPGSV,5,1,19,02,,,35,04,,,36,05,,,36,06,,,36*73
$GPGSV,5,2,19,07,,,36,11,,,36,12,,,36,13,,,36*70
$GPGSV,5,3,19,14,,,36,15,,,36,16,,,34,19,,,37*7A
$GPGSV,5,4,19,25,,,36,27,,,36,29,,,35,31,,,34*7A
$GPGSV,5,5,19,36,26,187,34,40,25,159,36,47,,,36*74
$GLGSV,3,1,11,66,18,201,,67,49,258,,68,32,325,29,75,00,078,*63
$GLGSV,3,2,11,76,56,063,31,77,67,289,,78,10,264,,84,02,352,18*6E
$GLGSV,3,3,11,85,29,035,39,86,28,099,18,87,04,139,*52
$GNGLL,5544.82475,N,03739.73203,E,061106.00,A,A*70
$GNRMC,061107.00,A,5544.82472,N,03739.73197,E,0.009,,270225,,,A*68
$GNVTG,,T,,M,0.009,N,0.017,K,A*32
$GNGGA,061107.00,5544.82472,N,03739.73197,E,1,03,3.42,192.5,M,13.3,M,,*45
$GNGSA,A,2,,,,,,,,,,,,,3.56,3.42,1.00*19
$GNGSA,A,2,76,68,85,,,,,,,,,,3.56,3.42,1.00*1B
$GPGSV,5,1,19,02,,,35,04,,,36,05,,,36,06,,,36*73
$GPGSV,5,2,19,07,,,37,11,,,36,12,,,36,13,,,36*71
$GPGSV,5,3,19,14,,,37,15,,,36,16,,,34,19,,,37*7B
$GPGSV,5,4,19,25,,,36,27,,,36,29,,,35,31,,,34*7A
$GPGSV,5,5,19,36,26,187,34,40,25,159,36,47,,,36*74
$GLGSV,3,1,11,66,18,201,,67,49,258,,68,32,325,29,75,00,078,*63
$GLGSV,3,2,11,76,56,063,31,77,67,289,,78,10,264,,84,02,352,15*63
$GLGSV,3,3,11,85,29,035,39,86,28,099,18,87,04,139,*52
$GNGLL,5544.82472,N,03739.73197,E,061107.00,A,A*78
$GNRMC,061108.00,A,5544.82473,N,03739.73191,E,0.014,,270225,,,A*6C
$GNVTG,,T,,M,0.014,N,0.026,K,A*3C
$GNGGA,061108.00,5544.82473,N,03739.73191,E,1,03,3.42,192.8,M,13.3,M,,*40
$GNGSA,A,2,,,,,,,,,,,,,3.56,3.42,1.00*19
$GNGSA,A,2,76,68,85,,,,,,,,,,3.56,3.42,1.00*1B
$GPGSV,5,1,19,02,,,34,04,,,35,05,,,35,06,,,33*77
$GPGSV,5,2,19,07,,,34,11,,,34,12,,,33,13,,,34*77
$GPGSV,5,3,19,14,,,36,15,,,34,16,,,34,19,,,36*79
$GPGSV,5,4,19,25,,,33,27,,,36,29,,,33,31,,,34*79
$GPGSV,5,5,19,36,26,187,33,40,25,159,35,47,,,35*73
$GLGSV,3,1,11,66,18,201,,67,49,258,,68,32,325,29,75,00,078,*63
$GLGSV,3,2,11,76,56,063,31,77,67,289,,78,10,264,,84,02,352,10*66
$GLGSV,3,3,11,85,29,035,39,86,28,099,17,87,04,139,*5D
$GNGLL,5544.82473,N,03739.73191,E,061108.00,A,A*70
$GNRMC,061109.00,A,5544.82475,N,03739.73181,E,0.045,,270225,,,A*6E
$GNVTG,,T,,M,0.045,N,0.083,K,A*37
$GNGGA,061109.00,5544.82475,N,03739.73181,E,1,03,3.42,193.0,M,13.3,M,,*4F
$GNGSA,A,2,,,,,,,,,,,,,3.56,3.42,1.00*19
$GNGSA,A,2,76,68,85,,,,,,,,,,3.56,3.42,1.00*1B
$GPGSV,5,1,19,02,,,35,04,,,35,05,,,35,06,,,36*73
$GPGSV,5,2,19,07,,,35,11,,,36,12,,,34,13,,,36*71
$GPGSV,5,3,19,14,,,36,15,,,35,16,,,34,19,,,36*78
$GPGSV,5,4,19,25,,,36,27,,,36,29,,,34,31,,,34*7B
$GPGSV,5,5,19,36,26,187,34,40,25,159,36,47,,,35*77
$GLGSV,3,1,11,66,18,201,,67,49,258,,68,32,325,29,75,00,078,*63
$GLGSV,3,2,11,76,56,063,30,77,67,289,,78,10,264,,84,02,352,08*6E
$GLGSV,3,3,11,85,29,035,39,86,28,099,16,87,04,139,*5C
$GNGLL,5544.82475,N,03739.73181,E,061109.00,A,A*76
$GNRMC,061110.00,A,5544.82473,N,03739.73168,E,0.049,,270225,,,A*6B
$GNVTG,,T,,M,0.049,N,0.091,K,A*38
$GNGGA,061110.00,5544.82473,N,03739.73168,E,1,03,3.42,193.4,M,13.3,M,,*42
$GNGSA,A,2,,,,,,,,,,,,,3.56,3.42,1.00*19
$GNGSA,A,2,76,68,85,,,,,,,,,,3.56,3.42,1.00*1B
$GPGSV,5,1,19,02,,,35,04,,,36,05,,,37,06,,,38*7C
$GPGSV,5,2,19,07,,,38,11,,,37,12,,,37,13,,,36*7E
$GPGSV,5,3,19,14,,,37,15,,,37,16,,,35,19,,,37*7B
$GPGSV,5,4,19,25,,,36,27,,,36,29,,,37,31,,,34*78
$GPGSV,5,5,19,36,26,187,34,40,25,159,36,47,,,37*75
$GLGSV,3,1,11,66,18,201,,67,49,258,,68,32,325,29,75,00,078,*63
$GLGSV,3,2,11,76,56,063,31,77,67,289,,78,10,264,,84,02,352,07*60
$GLGSV,3,3,11,85,29,035,39,86,28,099,16,87,04,139,*5C
$GNGLL,5544.82473,N,03739.73168,E,061110.00,A,A*7F
$GNRMC,061111.00,A,5544.82472,N,03739.73171,E,0.008,,270225,,,A*66
$GNVTG,,T,,M,0.008,N,0.015,K,A*31
$GNGGA,061111.00,5544.82472,N,03739.73171,E,1,03,3.42,193.2,M,13.3,M,,*4C
$GNGSA,A,2,,,,,,,,,,,,,3.56,3.42,1.00*19
$GNGSA,A,2,76,68,85,,,,,,,,,,3.56,3.42,1.00*1B
$GPGSV,5,1,19,02,,,35,04,,,36,05,,,35,06,,,36*70
$GPGSV,5,2,19,07,,,36,11,,,37,12,,,37,13,,,37*71
$GPGSV,5,3,19,14,,,37,15,,,37,16,,,35,19,,,37*7B
$GPGSV,5,4,19,25,,,36,27,,,36,29,,,36,31,,,35*78
$GPGSV,5,5,19,36,26,187,34,40,25,159,36,47,,,37*75
$GLGSV,3,1,11,66,18,201,,67,49,258,,68,32,325,29,75,00,078,*63
$GLGSV,3,2,11,76,56,063,31,77,67,289,,78,10,264,,84,02,352,07*60
$GLGSV,3,3,11,85,29,035,39,86,28,099,16,87,04,139,*5C
$GNGLL,5544.82472,N,03739.73171,E,061111.00,A,A*77
$GNRMC,061112.00,A,5544.82469,N,03739.73165,E,0.043,,270225,,,A*65
$GNVTG,,T,,M,0.043,N,0.081,K,A*33
$GNGGA,061112.00,5544.82469,N,03739.73165,E,1,03,3.42,193.6,M,13.3,M,,*44
$GNGSA,A,2,,,,,,,,,,,,,3.56,3.42,1.00*19
$GNGSA,A,2,76,68,85,,,,,,,,,,3.56,3.42,1.00*1B
$GPGSV,5,1,19,02,,,35,04,,,36,05,,,35,06,,,37*71
$GPGSV,5,2,19,07,,,38,11,,,37,12,,,37,13,,,36*7E
$GPGSV,5,3,19,14,,,37,15,,,37,16,,,35,19,,,37*7B
$GPGSV,5,4,19,25,,,36,27,,,36,29,,,36,31,,,35*78
$GPGSV,5,5,19,36,26,187,34,40,25,159,36,47,,,37*75
$GLGSV,3,1,11,66,18,201,20,67,49,258,,68,32,325,29,75,00,078,*61
$GLGSV,3,2,11,76,56,063,31,77,67,289,,78,10,264,,84,02,352,*67
$GLGSV,3,3,11,85,29,035,39,86,28,099,16,87,04,139,*5C
$GNGLL,5544.82469,N,03739.73165,E,061112.00,A,A*7B
$GNRMC,061113.00,A,5544.82468,N,03739.73158,E,0.044,,270225,,,A*6C
$GNVTG,,T,,M,0.044,N,0.081,K,A*34
$GNGGA,061113.00,5544.82468,N,03739.73158,E,1,03,3.42,193.4,M,13.3,M,,*48
$GNGSA,A,2,,,,,,,,,,,,,3.56,3.42,1.00*19
$GNGSA,A,2,76,68,85,,,,,,,,,,3.56,3.42,1.00*1B
$GPGSV,5,1,19,02,,,35,04,,,36,05,,,36,06,,,37*72
$GPGSV,5,2,19,07,,,37,11,,,37,12,,,37,13,,,37*70
$GPGSV,5,3,19,14,,,37,15,,,37,16,,,35,19,,,37*7B
$GPGSV,5,4,19,25,,,36,27,,,36,29,,,36,31,,,35*78
$GPGSV,5,5,19,36,26,187,35,40,25,159,36,47,,,37*74
$GLGSV,3,1,11,66,18,201,20,67,49,258,26,68,32,325,29,75,00,078,*65
$GLGSV,3,2,11,76,56,063,31,77,67,289,,78,10,264,,84,02,352,*67
$GLGSV,3,3,11,85,29,035,39,86,28,099,16,87,04,139,*5C
$GNGLL,5544.82468,N,03739.73158,E,061113.00,A,A*75
$GNRMC,061114.00,A,5544.82468,N,03739.73152,E,0.038,,270225,,,A*6A
$GNVTG,,T,,M,0.038,N,0.070,K,A*31
$GNGGA,061114.00,5544.82468,N,03739.73152,E,1,03,3.42,193.1,M,13.3,M,,*40
$GNGSA,A,2,,,,,,,,,,,,,3.56,3.42,1.00*19
$GNGSA,A,2,76,68,85,,,,,,,,,,3.56,3.42,1.00*1B
$GPGSV,5,1,19,02,,,36,04,,,36,05,,,36,06,,,37*71
$GPGSV,5,2,19,07,,,37,11,,,37,12,,,37,13,,,37*70
$GPGSV,5,3,19,14,,,37,15,,,37,16,,,35,19,,,37*7B
$GPGSV,5,4,19,25,,,36,27,,,37,29,,,36,31,,,35*79
$GPGSV,5,5,19,36,26,187,35,40,25,159,36,47,,,37*74
$GLGSV,3,1,11,66,18,201,20,67,49,258,24,68,32,325,29,75,00,078,*67
$GLGSV,3,2,11,76,56,063,31,77,67,289,,78,10,264,,84,02,352,*67
$GLGSV,3,3,11,85,29,035,39,86,28,099,16,87,04,139,26*58
$GNGLL,5544.82468,N,03739.73152,E,061114.00,A,A*78
$GNRMC,061115.00,A,5544.82468,N,03739.73145,E,0.049,,270225,,,A*6B
$GNVTG,,T,,M,0.049,N,0.091,K,A*38
$GNGGA,061115.00,5544.82468,N,03739.73145,E,1,03,3.42,193.3,M,13.3,M,,*45
$GNGSA,A,2,,,,,,,,,,,,,3.56,3.42,1.00*19
$GNGSA,A,2,76,68,85,,,,,,,,,,3.56,3.42,1.00*1B
$GPGSV,5,1,19,02,,,36,04,,,36,05,,,36,06,,,37*71
$GPGSV,5,2,19,07,,,37,11,,,37,12,,,37,13,,,37*70
$GPGSV,5,3,19,14,,,37,15,,,37,16,,,36,19,,,37*78
$GPGSV,5,4,19,25,,,36,27,,,36,29,,,36,31,,,35*78
$GPGSV,5,5,19,36,26,187,35,40,25,159,35,47,,,37*77
$GLGSV,3,1,11,66,18,201,20,67,49,258,20,68,32,325,28,75,00,078,*62
$GLGSV,3,2,11,76,56,063,32,77,67,289,,78,10,264,,84,02,352,26*60
$GLGSV,3,3,11,85,29,035,39,86,28,099,16,87,04,139,22*5C
$GNGLL,5544.82468,N,03739.73145,E,061115.00,A,A*7F
$GNRMC,061116.00,A,5544.82465,N,03739.73134,E,0.070,,270225,,,A*69
$GNVTG,,T,,M,0.070,N,0.129,K,A*30
$GNGGA,061116.00,5544.82465,N,03739.73134,E,1,03,3.42,193.4,M,13.3,M,,*4A
$GNGSA,A,2,,,,,,,,,,,,,3.56,3.42,1.00*19
$GNGSA,A,2,76,68,85,,,,,,,,,,3.56,3.42,1.00*1B
$GPGSV,5,1,19,02,,,35,04,,,36,05,,,36,06,,,37*72
$GPGSV,5,2,19,07,,,37,11,,,36,12,,,36,13,,,36*71
$GPGSV,5,3,19,14,,,37,15,,,36,16,,,35,19,,,37*7A
$GPGSV,5,4,19,25,,,36,27,,,36,29,,,36,31,,,35*78
$GPGSV,5,5,19,36,26,187,34,40,25,159,35,47,,,36*77
$GLGSV,3,1,11,66,18,201,20,67,49,258,17,68,32,325,28,75,00,078,*66
$GLGSV,3,2,11,76,56,063,31,77,67,289,,78,10,264,,84,02,352,07*60
$GLGSV,3,3,11,85,29,035,39,86,28,099,16,87,04,139,18*55
$GNGLL,5544.82465,N,03739.73134,E,061116.00,A,A*77
$GNRMC,061117.00,A,5544.82465,N,03739.73126,E,0.065,,270225,,,A*6F
$GNVTG,,T,,M,0.065,N,0.120,K,A*3D
$GNGGA,061117.00,5544.82465,N,03739.73126,E,1,03,3.41,193.2,M,13.3,M,,*4D
$GNGSA,A,2,,,,,,,,,,,,,3.56,3.41,1.00*1A
$GNGSA,A,2,76,68,85,,,,,,,,,,3.56,3.41,1.00*18
$GPGSV,5,1,19,02,,,35,04,,,35,05,,,36,06,,,37*71
$GPGSV,5,2,19,07,,,37,11,,,37,12,,,36,13,,,37*71
$GPGSV,5,3,19,14,,,37,15,,,36,16,,,35,19,,,37*7A
$GPGSV,5,4,19,25,,,36,27,,,36,29,,,36,31,,,35*78
$GPGSV,5,5,19,36,26,187,34,40,25,159,36,47,,,37*75
$GLGSV,3,1,11,66,18,201,20,67,49,258,26,68,32,325,29,75,00,078,*65
$GLGSV,3,2,11,76,56,063,32,77,67,289,,78,10,264,,84,02,352,05*61
$GLGSV,3,3,11,85,29,035,39,86,28,099,18,87,04,139,14*57
$GNGLL,5544.82465,N,03739.73126,E,061117.00,A,A*75
